3249 Marina 50
3381 Bianca 83
3380 Vitor 60
6681 Marina 61
163 Marina 64
5207 Larissa 92
7375 Camila 37
7893 Paulo 91
2855 Laura 63
2118 Gustavo 79
2895 Gabrielle 65
1236 Breno 32
1105 Luan 25
2950 Fernanda 44
7479 Alice 77
62 Luana 96
1630 Raissa 3
7437 Tânia 14
7347 Vitor 95
2145 Marisa 71

484
-7893
-2855
-2118
-62
-1105
-1236
-3380
749
-2118
-1630
-3380
-3381
-163
-7347
-1236
104
-7893
-3249
-2855
-163
537
-2118
-2950
-5207
680
-2855
-2118
-7893
-7347
144
-5207
-3380
-6681
-1105
-1630
853
-3249
-3380
-6681
-7437
-2855
-2895
-1630
779
-3249
-3380
-7347
-1105
-6681
-7437
-2145
-7375
620
-2118
-2950
-2855
-6681
-7479
-7347
-7375
288
-1236
-3249
-2895
-1105
-1630
-3380
-3381
-163
669
-2118
-7437
-7893
-7347
-7479
831
-2118
-7479
-2895
-2950
656
-163
-7479
-7437
-1236
-1105
-2145
929
-7375
-3380
-3381
-7479
-1105
-2118
115
-1105
-7347
-2895
-2145
-1236
-7375
-62
-7437
836
-2895
-6681
-7893
539
-7479
-1630
-3381
-2118
-3380
-3249
-163
-6681
461
-3381
-2145
-1105
768
-7479
-5207
-2118
-1105
-3249
-7347
835
-3381
-3380
-7479
-1630
-2855